71
NULL 0 Common 0
Joined 7 0,255,0,255,0,0,0,0,0,0 Latin 1 0 1 Joined	# Joined [4a 6f 69 6e 65 64 ]a
|Broken|0|1 15 0,255,0,255,0,0,0,0,0,0 Common 2 10 2 |Broken|0|1	# Broken
а 3 0,255,0,255,0,0,0,0,0,0 Cyrillic 24 0 3 а	# а [430 ]a
ң 3 0,255,0,255,0,0,0,0,0,0 Cyrillic 66 0 4 ң	# ң [4a3 ]a
у 3 0,255,0,255,0,0,0,0,0,0 Cyrillic 57 0 5 у	# у [443 ]a
н 3 0,255,0,255,0,0,0,0,0,0 Cyrillic 27 0 6 н	# н [43d ]a
қ 3 0,255,0,255,0,0,0,0,0,0 Cyrillic 58 0 7 қ	# қ [49b ]a
Х 5 0,255,0,255,0,0,0,0,0,0 Cyrillic 11 0 8 Х	# Х [425 ]A
о 3 0,255,0,255,0,0,0,0,0,0 Cyrillic 9 0 9 о	# о [43e ]a
т 3 0,255,0,255,0,0,0,0,0,0 Cyrillic 39 0 10 т	# т [442 ]a
х 3 0,255,0,255,0,0,0,0,0,0 Cyrillic 8 0 11 х	# х [445 ]a
ы 3 0,255,0,255,0,0,0,0,0,0 Cyrillic 31 0 12 ы	# ы [44b ]a
р 3 0,255,0,255,0,0,0,0,0,0 Cyrillic 63 0 13 р	# р [440 ]a
г 3 0,255,0,255,0,0,0,0,0,0 Cyrillic 36 0 14 г	# г [433 ]a
к 3 0,255,0,255,0,0,0,0,0,0 Cyrillic 54 0 15 к	# к [43a ]a
ґ 3 0,255,0,255,0,0,0,0,0,0 Cyrillic 16 0 16 ґ	# ґ [491 ]a
м 3 0,255,0,255,0,0,0,0,0,0 Cyrillic 59 0 17 м	# м [43c ]a
и 3 0,255,0,255,0,0,0,0,0,0 Cyrillic 46 0 18 и	# и [438 ]a
. 16 0,255,0,255,0,0,0,0,0,0 Common 19 6 19 .	# . [2e ]p
Ҳ 5 0,255,0,255,0,0,0,0,0,0 Cyrillic 25 0 20 Ҳ	# Ҳ [4b2 ]A
л 3 0,255,0,255,0,0,0,0,0,0 Cyrillic 64 0 21 л	# л [43b ]a
ў 3 0,255,0,255,0,0,0,0,0,0 Cyrillic 22 0 22 ў	# ў [45e ]a
- 16 0,255,0,255,0,0,0,0,0,0 Common 23 3 23 -	# - [2d ]p
А 5 0,255,0,255,0,0,0,0,0,0 Cyrillic 3 0 24 А	# А [410 ]A
ҳ 3 0,255,0,255,0,0,0,0,0,0 Cyrillic 20 0 25 ҳ	# ҳ [4b3 ]a
ъ 3 0,255,0,255,0,0,0,0,0,0 Cyrillic 26 0 26 ъ	# ъ [44a ]a
Н 5 0,255,0,255,0,0,0,0,0,0 Cyrillic 6 0 27 Н	# Н [41d ]A
е 3 0,255,0,255,0,0,0,0,0,0 Cyrillic 28 0 28 е	# е [435 ]a
: 16 0,255,0,255,0,0,0,0,0,0 Common 29 6 29 :	# : [3a ]p
« 16 0,255,0,255,0,0,0,0,0,0 Common 30 10 38 «	# « [ab ]p
Ы 5 0,255,0,255,0,0,0,0,0,0 Cyrillic 12 0 31 Ы	# Ы [42b ]A
п 3 0,255,0,255,0,0,0,0,0,0 Cyrillic 48 0 32 п	# п [43f ]a
, 16 0,255,0,255,0,0,0,0,0,0 Common 33 6 33 ,	# , [2c ]p
ф 3 0,255,0,255,0,0,0,0,0,0 Cyrillic 34 0 34 ф	# ф [444 ]a
! 16 0,255,0,255,0,0,0,0,0,0 Common 35 10 35 !	# ! [21 ]p
Г 5 0,255,0,255,0,0,0,0,0,0 Cyrillic 14 0 36 Г	# Г [413 ]A
й 3 0,255,0,255,0,0,0,0,0,0 Cyrillic 37 0 37 й	# й [439 ]a
» 16 0,255,0,255,0,0,0,0,0,0 Common 38 10 30 »	# » [bb ]p
Т 5 0,255,0,255,0,0,0,0,0,0 Cyrillic 10 0 39 Т	# Т [422 ]A
б 3 0,255,0,255,0,0,0,0,0,0 Cyrillic 40 0 40 б	# б [431 ]a
д 3 0,255,0,255,0,0,0,0,0,0 Cyrillic 41 0 41 д	# д [434 ]a
с 3 0,255,0,255,0,0,0,0,0,0 Cyrillic 47 0 42 с	# с [441 ]a
я 3 0,255,0,255,0,0,0,0,0,0 Cyrillic 43 0 43 я	# я [44f ]a
в 3 0,255,0,255,0,0,0,0,0,0 Cyrillic 44 0 44 в	# в [432 ]a
ю 3 0,255,0,255,0,0,0,0,0,0 Cyrillic 45 0 45 ю	# ю [44e ]a
И 5 0,255,0,255,0,0,0,0,0,0 Cyrillic 18 0 46 И	# И [418 ]A
С 5 0,255,0,255,0,0,0,0,0,0 Cyrillic 42 0 47 С	# С [421 ]A
П 5 0,255,0,255,0,0,0,0,0,0 Cyrillic 32 0 48 П	# П [41f ]A
э 3 0,255,0,255,0,0,0,0,0,0 Cyrillic 70 0 49 э	# э [44d ]a
1 8 0,255,0,255,0,0,0,0,0,0 Common 50 2 50 1	# 1 [31 ]0
9 8 0,255,0,255,0,0,0,0,0,0 Common 51 2 51 9	# 9 [39 ]0
4 8 0,255,0,255,0,0,0,0,0,0 Common 52 2 52 4	# 4 [34 ]0
8 8 0,255,0,255,0,0,0,0,0,0 Common 53 2 53 8	# 8 [38 ]0
К 5 0,255,0,255,0,0,0,0,0,0 Cyrillic 15 0 54 К	# К [41a ]A
з 3 0,255,0,255,0,0,0,0,0,0 Cyrillic 55 0 55 з	# з [437 ]a
ц 3 0,255,0,255,0,0,0,0,0,0 Cyrillic 56 0 56 ц	# ц [446 ]a
У 5 0,255,0,255,0,0,0,0,0,0 Cyrillic 5 0 57 У	# У [423 ]A
Қ 5 0,255,0,255,0,0,0,0,0,0 Cyrillic 7 0 58 Қ	# Қ [49a ]A
М 5 0,255,0,255,0,0,0,0,0,0 Cyrillic 17 0 59 М	# М [41c ]A
ш 3 0,255,0,255,0,0,0,0,0,0 Cyrillic 60 0 60 ш	# ш [448 ]a
2 8 0,255,0,255,0,0,0,0,0,0 Common 61 2 61 2	# 2 [32 ]0
3 8 0,255,0,255,0,0,0,0,0,0 Common 62 2 62 3	# 3 [33 ]0
Р 5 0,255,0,255,0,0,0,0,0,0 Cyrillic 13 0 63 Р	# Р [420 ]A
Л 5 0,255,0,255,0,0,0,0,0,0 Cyrillic 21 0 64 Л	# Л [41b ]A
Ь 5 0,255,0,255,0,0,0,0,0,0 Cyrillic 67 0 65 Ь	# Ь [42c ]A
Ң 5 0,255,0,255,0,0,0,0,0,0 Cyrillic 4 0 66 Ң	# Ң [4a2 ]A
ь 3 0,255,0,255,0,0,0,0,0,0 Cyrillic 65 0 67 ь	# ь [44c ]a
— 16 0,255,0,255,0,0,0,0,0,0 Common 68 10 68 -	# — [2014 ]p
ё 3 0,255,0,255,0,0,0,0,0,0 Cyrillic 69 0 69 ё	# ё [451 ]a
Э 5 0,255,0,255,0,0,0,0,0,0 Cyrillic 49 0 70 Э	# Э [42d ]A
