145
NULL 0 Common 0
Joined 7 0,255,0,255,0,0,0,0,0,0 Latin 1 0 1 Joined	# Joined [4a 6f 69 6e 65 64 ]a
|Broken|0|1 15 0,255,0,255,0,0,0,0,0,0 Common 2 10 2 |Broken|0|1	# Broken
к 3 0,255,0,255,0,0,0,0,0,0 Cyrillic 65 0 3 к	# к [43a ]a
у 3 0,255,0,255,0,0,0,0,0,0 Cyrillic 4 0 4 у	# у [443 ]a
м 3 0,255,0,255,0,0,0,0,0,0 Cyrillic 96 0 5 м	# м [43c ]a
г 3 0,255,0,255,0,0,0,0,0,0 Cyrillic 6 0 6 г	# г [433 ]a
н 3 0,255,0,255,0,0,0,0,0,0 Cyrillic 64 0 7 н	# н [43d ]a
( 16 0,255,0,255,0,0,0,0,0,0 Common 8 10 14 (	# ( [28 ]p
k 3 0,255,0,255,0,0,0,0,0,0 Latin 66 0 9 k	# k [6b ]a
u 3 0,255,0,255,0,0,0,0,0,0 Latin 110 0 10 u	# u [75 ]a
m 3 0,255,0,255,0,0,0,0,0,0 Latin 97 0 11 m	# m [6d ]a
g 3 0,255,0,255,0,0,0,0,0,0 Latin 12 0 12 g	# g [67 ]a
n 3 0,255,0,255,0,0,0,0,0,0 Latin 106 0 13 n	# n [6e ]a
) 16 0,255,0,255,0,0,0,0,0,0 Common 14 10 8 )	# ) [29 ]p
ч 3 0,255,0,255,0,0,0,0,0,0 Cyrillic 15 0 15 ч	# ч [447 ]a
е 3 0,255,0,255,0,0,0,0,0,0 Cyrillic 16 0 16 е	# е [435 ]a
с 3 0,255,0,255,0,0,0,0,0,0 Cyrillic 124 0 17 с	# с [441 ]a
а 3 0,255,0,255,0,0,0,0,0,0 Cyrillic 18 0 18 а	# а [430 ]a
л 3 0,255,0,255,0,0,0,0,0,0 Cyrillic 19 0 19 л	# л [43b ]a
д 3 0,255,0,255,0,0,0,0,0,0 Cyrillic 20 0 20 д	# д [434 ]a
я 3 0,255,0,255,0,0,0,0,0,0 Cyrillic 133 0 21 я	# я [44f ]a
п 3 0,255,0,255,0,0,0,0,0,0 Cyrillic 116 0 22 п	# п [43f ]a
и 3 0,255,0,255,0,0,0,0,0,0 Cyrillic 23 0 23 и	# и [438 ]a
ы 3 0,255,0,255,0,0,0,0,0,0 Cyrillic 24 0 24 ы	# ы [44b ]a
ц 3 0,255,0,255,0,0,0,0,0,0 Cyrillic 25 0 25 ц	# ц [446 ]a
ь 3 0,255,0,255,0,0,0,0,0,0 Cyrillic 26 0 26 ь	# ь [44c ]a
о 3 0,255,0,255,0,0,0,0,0,0 Cyrillic 27 0 27 о	# о [43e ]a
р 3 0,255,0,255,0,0,0,0,0,0 Cyrillic 67 0 28 р	# р [440 ]a
в 3 0,255,0,255,0,0,0,0,0,0 Cyrillic 29 0 29 в	# в [432 ]a
й 3 0,255,0,255,0,0,0,0,0,0 Cyrillic 131 0 30 й	# й [439 ]a
т 3 0,255,0,255,0,0,0,0,0,0 Cyrillic 31 0 31 т	# т [442 ]a
< 0 0,255,0,255,0,0,0,0,0,0 Common 32 10 128 <	# < [3c ]
- 16 0,255,0,255,0,0,0,0,0,0 Common 33 3 33 -	# - [2d ]p
қ 3 0,255,0,255,0,0,0,0,0,0 Cyrillic 34 0 34 қ	# қ [49b ]a
a 3 0,255,0,255,0,0,0,0,0,0 Latin 105 0 35 a	# a [61 ]a
q 3 0,255,0,255,0,0,0,0,0,0 Latin 36 0 36 q	# q [71 ]a
, 16 0,255,0,255,0,0,0,0,0,0 Common 37 6 37 ,	# , [2c ]p
з 3 0,255,0,255,0,0,0,0,0,0 Cyrillic 38 0 38 з	# з [437 ]a
ш 3 0,255,0,255,0,0,0,0,0,0 Cyrillic 144 0 39 ш	# ш [448 ]a
б 3 0,255,0,255,0,0,0,0,0,0 Cyrillic 125 0 40 б	# б [431 ]a
х 3 0,255,0,255,0,0,0,0,0,0 Cyrillic 41 0 41 х	# х [445 ]a
P 5 0,255,0,255,0,0,0,0,0,0 Latin 74 0 42 P	# P [50 ]A
E 5 0,255,0,255,0,0,0,0,0,0 Latin 61 0 43 E	# E [45 ]A
ʀ 3 0,255,0,255,0,0,0,0,0,0 Latin 44 0 44 ʀ	# ʀ [280 ]a
е̄ 3 0,255,0,255,0,0,0,0,0,0 Cyrillic 45 0 45 е̄	# е̄ [435 304 ]a
i 3 0,255,0,255,0,0,0,0,0,0 Latin 121 0 46 i	# i [69 ]a
l 3 0,255,0,255,0,0,0,0,0,0 Latin 47 0 47 l	# l [6c ]a
t 3 0,255,0,255,0,0,0,0,0,0 Latin 48 0 48 t	# t [74 ]a
ң 3 0,255,0,255,0,0,0,0,0,0 Cyrillic 49 0 49 ң	# ң [4a3 ]a
; 16 0,255,0,255,0,0,0,0,0,0 Common 50 10 50 ;	# ; [3b ]p
ӷ 3 0,255,0,255,0,0,0,0,0,0 Cyrillic 51 0 51 ӷ	# ӷ [4f7 ]a
' 16 0,255,0,255,0,0,0,0,0,0 Common 52 10 52 '	# ' [27 ]p
ж 3 0,255,0,255,0,0,0,0,0,0 Cyrillic 53 0 53 ж	# ж [436 ]a
а̄ 3 0,255,0,255,0,0,0,0,0,0 Cyrillic 54 0 54 а̄	# а̄ [430 304 ]a
ё 3 0,255,0,255,0,0,0,0,0,0 Cyrillic 55 0 55 ё	# ё [451 ]a
Y 5 0,255,0,255,0,0,0,0,0,0 Latin 92 0 56 Y	# Y [59 ]A
S 5 0,255,0,255,0,0,0,0,0,0 Latin 59 0 57 S	# S [53 ]A
h 3 0,255,0,255,0,0,0,0,0,0 Latin 134 0 58 h	# h [68 ]a
s 3 0,255,0,255,0,0,0,0,0,0 Latin 57 0 59 s	# s [73 ]a
v 3 0,255,0,255,0,0,0,0,0,0 Latin 60 0 60 v	# v [76 ]a
e 3 0,255,0,255,0,0,0,0,0,0 Latin 43 0 61 e	# e [65 ]a
. 16 0,255,0,255,0,0,0,0,0,0 Common 62 6 62 .	# . [2e ]p
ǂ 1 0,255,0,255,0,0,0,0,0,0 Latin 63 0 63 ǂ	# ǂ [1c2 ]x
Н 5 0,255,0,255,0,0,0,0,0,0 Cyrillic 7 0 64 Н	# Н [41d ]A
К 5 0,255,0,255,0,0,0,0,0,0 Cyrillic 3 0 65 К	# К [41a ]A
K 5 0,255,0,255,0,0,0,0,0,0 Latin 9 0 66 K	# K [4b ]A
Р 5 0,255,0,255,0,0,0,0,0,0 Cyrillic 28 0 67 Р	# Р [420 ]A
о̄ 3 0,255,0,255,0,0,0,0,0,0 Cyrillic 109 0 68 о̄	# о̄ [43e 304 ]a
ə 3 0,255,0,255,0,0,0,0,0,0 Latin 69 0 69 ə	# ə [259 ]a
ɣ 3 0,255,0,255,0,0,0,0,0,0 Latin 70 0 70 ɣ	# ɣ [263 ]a
ҳ 3 0,255,0,255,0,0,0,0,0,0 Cyrillic 71 0 71 ҳ	# ҳ [4b3 ]a
ю 3 0,255,0,255,0,0,0,0,0,0 Cyrillic 72 0 72 ю	# ю [44e ]a
r 3 0,255,0,255,0,0,0,0,0,0 Latin 143 0 73 r	# r [72 ]a
p 3 0,255,0,255,0,0,0,0,0,0 Latin 42 0 74 p	# p [70 ]a
ž 3 0,255,0,255,0,0,0,0,0,0 Latin 75 0 75 ž	# ž [17e ]a
x 3 0,255,0,255,0,0,0,0,0,0 Latin 136 0 76 x	# x [78 ]a
c 3 0,255,0,255,0,0,0,0,0,0 Latin 104 0 77 c	# c [63 ]a
f 3 0,255,0,255,0,0,0,0,0,0 Latin 78 0 78 f	# f [66 ]a
o 3 0,255,0,255,0,0,0,0,0,0 Latin 79 0 79 o	# o [6f ]a
ӯ 3 0,255,0,255,0,0,0,0,0,0 Cyrillic 80 0 80 ӯ	# ӯ [4ef ]a
: 16 0,255,0,255,0,0,0,0,0,0 Common 81 6 81 :	# : [3a ]p
ӣ 3 0,255,0,255,0,0,0,0,0,0 Cyrillic 130 0 82 ӣ	# ӣ [4e3 ]a
ð 3 0,255,0,255,0,0,0,0,0,0 Latin 83 0 83 ð	# ð [f0 ]a
ъ 3 0,255,0,255,0,0,0,0,0,0 Cyrillic 84 0 84 ъ	# ъ [44a ]a
6 8 0,255,0,255,0,0,0,0,0,0 Common 85 2 85 6	# 6 [36 ]0
7 8 0,255,0,255,0,0,0,0,0,0 Common 86 2 86 7	# 7 [37 ]0
ў 3 0,255,0,255,0,0,0,0,0,0 Cyrillic 87 0 87 ў	# ў [45e ]a
щ 3 0,255,0,255,0,0,0,0,0,0 Cyrillic 88 0 88 щ	# щ [449 ]a
w 3 0,255,0,255,0,0,0,0,0,0 Latin 89 0 89 w	# w [77 ]a
= 0 0,255,0,255,0,0,0,0,0,0 Common 90 10 90 =	# = [3d ]
я̄ 3 0,255,0,255,0,0,0,0,0,0 Cyrillic 91 0 91 я̄	# я̄ [44f 304 ]a
y 3 0,255,0,255,0,0,0,0,0,0 Latin 56 0 92 y	# y [79 ]a
d 3 0,255,0,255,0,0,0,0,0,0 Latin 93 0 93 d	# d [64 ]a
э 3 0,255,0,255,0,0,0,0,0,0 Cyrillic 140 0 94 э	# э [44d ]a
ŋ 3 0,255,0,255,0,0,0,0,0,0 Latin 95 0 95 ŋ	# ŋ [14b ]a
М 5 0,255,0,255,0,0,0,0,0,0 Cyrillic 5 0 96 М	# М [41c ]A
M 5 0,255,0,255,0,0,0,0,0,0 Latin 11 0 97 M	# M [4d ]A
ł 3 0,255,0,255,0,0,0,0,0,0 Latin 98 0 98 ł	# ł [142 ]a
? 16 0,255,0,255,0,0,0,0,0,0 Common 99 10 99 ?	# ? [3f ]p
1 8 0,255,0,255,0,0,0,0,0,0 Common 100 2 100 1	# 1 [31 ]0
0 8 0,255,0,255,0,0,0,0,0,0 Common 101 2 101 0	# 0 [30 ]0
5 8 0,255,0,255,0,0,0,0,0,0 Common 102 2 102 5	# 5 [35 ]0
+ 0 0,255,0,255,0,0,0,0,0,0 Common 103 3 103 +	# + [2b ]
C 5 0,255,0,255,0,0,0,0,0,0 Latin 77 0 104 C	# C [43 ]A
A 5 0,255,0,255,0,0,0,0,0,0 Latin 35 0 105 A	# A [41 ]A
N 5 0,255,0,255,0,0,0,0,0,0 Latin 13 0 106 N	# N [4e ]A
b 3 0,255,0,255,0,0,0,0,0,0 Latin 135 0 107 b	# b [62 ]a
ф 3 0,255,0,255,0,0,0,0,0,0 Cyrillic 108 0 108 ф	# ф [444 ]a
О̄ 5 0,255,0,255,0,0,0,0,0,0 Cyrillic 68 0 109 О̄	# О̄ [41e 304 ]A
U 5 0,255,0,255,0,0,0,0,0,0 Latin 10 0 110 U	# U [55 ]A
" 16 0,255,0,255,0,0,0,0,0,0 Common 111 10 111 "	# " [22 ]p
2 8 0,255,0,255,0,0,0,0,0,0 Common 112 2 112 2	# 2 [32 ]0
4 8 0,255,0,255,0,0,0,0,0,0 Common 113 2 113 4	# 4 [34 ]0
{ 16 0,255,0,255,0,0,0,0,0,0 Common 114 10 115 {	# { [7b ]p
} 16 0,255,0,255,0,0,0,0,0,0 Common 115 10 114 }	# } [7d ]p
П 5 0,255,0,255,0,0,0,0,0,0 Cyrillic 22 0 116 П	# П [41f ]A
3 8 0,255,0,255,0,0,0,0,0,0 Common 117 2 117 3	# 3 [33 ]0
9 8 0,255,0,255,0,0,0,0,0,0 Common 118 2 118 9	# 9 [39 ]0
8 8 0,255,0,255,0,0,0,0,0,0 Common 119 2 119 8	# 8 [38 ]0
¹ 0 0,255,0,255,0,0,0,0,0,0 Common 120 2 120 1	# ¹ [b9 ]
I 5 0,255,0,255,0,0,0,0,0,0 Latin 46 0 121 I	# I [49 ]A
! 16 0,255,0,255,0,0,0,0,0,0 Common 122 10 122 !	# ! [21 ]p
² 0 0,255,0,255,0,0,0,0,0,0 Common 123 2 123 2	# ² [b2 ]
С 5 0,255,0,255,0,0,0,0,0,0 Cyrillic 17 0 124 С	# С [421 ]A
Б 5 0,255,0,255,0,0,0,0,0,0 Cyrillic 40 0 125 Б	# Б [411 ]A
√ 0 0,255,0,255,0,0,0,0,0,0 Common 126 10 126 √	# √ [221a ]
— 16 0,255,0,255,0,0,0,0,0,0 Common 127 10 127 -	# — [2014 ]p
> 0 0,255,0,255,0,0,0,0,0,0 Common 128 10 32 >	# > [3e ]
‚ 16 0,255,0,255,0,0,0,0,0,0 Common 129 10 129 ‚	# ‚ [201a ]p
Ӣ 5 0,255,0,255,0,0,0,0,0,0 Cyrillic 82 0 130 Ӣ	# Ӣ [4e2 ]A
Й 5 0,255,0,255,0,0,0,0,0,0 Cyrillic 30 0 131 Й	# Й [419 ]A
\ 16 0,255,0,255,0,0,0,0,0,0 Common 132 10 132 \	# \ [5c ]p
Я 5 0,255,0,255,0,0,0,0,0,0 Cyrillic 21 0 133 Я	# Я [42f ]A
H 5 0,255,0,255,0,0,0,0,0,0 Latin 58 0 134 H	# H [48 ]A
B 5 0,255,0,255,0,0,0,0,0,0 Latin 107 0 135 B	# B [42 ]A
X 5 0,255,0,255,0,0,0,0,0,0 Latin 76 0 136 X	# X [58 ]A
æ 3 0,255,0,255,0,0,0,0,0,0 Latin 141 0 137 æ	# æ [e6 ]a
э̄ 3 0,255,0,255,0,0,0,0,0,0 Cyrillic 139 0 138 э̄	# э̄ [44d 304 ]a
Э̄ 5 0,255,0,255,0,0,0,0,0,0 Cyrillic 138 0 139 Э̄	# Э̄ [42d 304 ]A
Э 5 0,255,0,255,0,0,0,0,0,0 Cyrillic 94 0 140 Э	# Э [42d ]A
Æ 5 0,255,0,255,0,0,0,0,0,0 Latin 137 0 141 Æ	# Æ [c6 ]A
z 3 0,255,0,255,0,0,0,0,0,0 Latin 142 0 142 z	# z [7a ]a
R 5 0,255,0,255,0,0,0,0,0,0 Latin 73 0 143 R	# R [52 ]A
Ш 5 0,255,0,255,0,0,0,0,0,0 Cyrillic 39 0 144 Ш	# Ш [428 ]A
