141
NULL 0 Common 0
Joined 7 0,255,0,255,0,0,0,0,0,0 Latin 1 0 1 Joined	# Joined [4a 6f 69 6e 65 64 ]a
|Broken|0|1 15 0,255,0,255,0,0,0,0,0,0 Common 2 10 2 |Broken|0|1	# Broken
С 5 0,255,0,255,0,0,0,0,0,0 Cyrillic 26 0 3 С	# С [421 ]A
5 8 0,255,0,255,0,0,0,0,0,0 Common 4 2 4 5	# 5 [35 ]0
3 8 0,255,0,255,0,0,0,0,0,0 Common 5 2 5 3	# 3 [33 ]0
8 8 0,255,0,255,0,0,0,0,0,0 Common 6 2 6 8	# 8 [38 ]0
2 8 0,255,0,255,0,0,0,0,0,0 Common 7 2 7 2	# 2 [32 ]0
0 8 0,255,0,255,0,0,0,0,0,0 Common 8 2 8 0	# 0 [30 ]0
6 8 0,255,0,255,0,0,0,0,0,0 Common 9 2 9 6	# 6 [36 ]0
1 8 0,255,0,255,0,0,0,0,0,0 Common 10 2 10 1	# 1 [31 ]0
7 8 0,255,0,255,0,0,0,0,0,0 Common 11 2 11 7	# 7 [37 ]0
л 3 0,255,0,255,0,0,0,0,0,0 Cyrillic 100 0 12 л	# л [43b ]a
о 3 0,255,0,255,0,0,0,0,0,0 Cyrillic 99 0 13 о	# о [43e ]a
9 8 0,255,0,255,0,0,0,0,0,0 Common 14 2 14 9	# 9 [39 ]0
в 3 0,255,0,255,0,0,0,0,0,0 Cyrillic 76 0 15 в	# в [432 ]a
а 3 0,255,0,255,0,0,0,0,0,0 Cyrillic 124 0 16 а	# а [430 ]a
р 3 0,255,0,255,0,0,0,0,0,0 Cyrillic 48 0 17 р	# р [440 ]a
4 8 0,255,0,255,0,0,0,0,0,0 Common 18 2 18 4	# 4 [34 ]0
ь 3 0,255,0,255,0,0,0,0,0,0 Cyrillic 19 0 19 ь	# ь [44c ]a
я 3 0,255,0,255,0,0,0,0,0,0 Cyrillic 130 0 20 я	# я [44f ]a
з 3 0,255,0,255,0,0,0,0,0,0 Cyrillic 21 0 21 з	# з [437 ]a
ы 3 0,255,0,255,0,0,0,0,0,0 Cyrillic 22 0 22 ы	# ы [44b ]a
к 3 0,255,0,255,0,0,0,0,0,0 Cyrillic 112 0 23 к	# к [43a ]a
н 3 0,255,0,255,0,0,0,0,0,0 Cyrillic 94 0 24 н	# н [43d ]a
у 3 0,255,0,255,0,0,0,0,0,0 Cyrillic 86 0 25 у	# у [443 ]a
с 3 0,255,0,255,0,0,0,0,0,0 Cyrillic 3 0 26 с	# с [441 ]a
и 3 0,255,0,255,0,0,0,0,0,0 Cyrillic 119 0 27 и	# и [438 ]a
х 3 0,255,0,255,0,0,0,0,0,0 Cyrillic 28 0 28 х	# х [445 ]a
э 3 0,255,0,255,0,0,0,0,0,0 Cyrillic 29 0 29 э	# э [44d ]a
м 3 0,255,0,255,0,0,0,0,0,0 Cyrillic 104 0 30 м	# м [43c ]a
[ 16 0,255,0,255,0,0,0,0,0,0 Common 31 10 36 [	# [ [5b ]p
s 3 0,255,0,255,0,0,0,0,0,0 Latin 137 0 32 s	# s [73 ]a
a 3 0,255,0,255,0,0,0,0,0,0 Latin 33 0 33 a	# a [61 ]a
y 3 0,255,0,255,0,0,0,0,0,0 Latin 138 0 34 y	# y [79 ]a
q 3 0,255,0,255,0,0,0,0,0,0 Latin 35 0 35 q	# q [71 ]a
] 16 0,255,0,255,0,0,0,0,0,0 Common 36 10 31 ]	# ] [5d ]p
' 16 0,255,0,255,0,0,0,0,0,0 Common 37 10 37 '	# ' [27 ]p
б 3 0,255,0,255,0,0,0,0,0,0 Cyrillic 135 0 38 б	# б [431 ]a
е 3 0,255,0,255,0,0,0,0,0,0 Cyrillic 133 0 39 е	# е [435 ]a
п 3 0,255,0,255,0,0,0,0,0,0 Cyrillic 114 0 40 п	# п [43f ]a
ш 3 0,255,0,255,0,0,0,0,0,0 Cyrillic 139 0 41 ш	# ш [448 ]a
т 3 0,255,0,255,0,0,0,0,0,0 Cyrillic 70 0 42 т	# т [442 ]a
а̄ 3 0,255,0,255,0,0,0,0,0,0 Cyrillic 43 0 43 а̄	# а̄ [430 304 ]a
й 3 0,255,0,255,0,0,0,0,0,0 Cyrillic 44 0 44 й	# й [439 ]a
ӄ 3 0,255,0,255,0,0,0,0,0,0 Cyrillic 45 0 45 ӄ	# ӄ [4c4 ]a
, 16 0,255,0,255,0,0,0,0,0,0 Common 46 6 46 ,	# , [2c ]p
я̄ 3 0,255,0,255,0,0,0,0,0,0 Cyrillic 47 0 47 я̄	# я̄ [44f 304 ]a
Р 5 0,255,0,255,0,0,0,0,0,0 Cyrillic 17 0 48 Р	# Р [420 ]A
д 3 0,255,0,255,0,0,0,0,0,0 Cyrillic 53 0 49 д	# д [434 ]a
ч 3 0,255,0,255,0,0,0,0,0,0 Cyrillic 68 0 50 ч	# ч [447 ]a
г 3 0,255,0,255,0,0,0,0,0,0 Cyrillic 131 0 51 г	# г [433 ]a
. 16 0,255,0,255,0,0,0,0,0,0 Common 52 6 52 .	# . [2e ]p
Д 5 0,255,0,255,0,0,0,0,0,0 Cyrillic 49 0 53 Д	# Д [414 ]A
ж 3 0,255,0,255,0,0,0,0,0,0 Cyrillic 54 0 54 ж	# ж [436 ]a
ф 3 0,255,0,255,0,0,0,0,0,0 Cyrillic 55 0 55 ф	# ф [444 ]a
i 3 0,255,0,255,0,0,0,0,0,0 Latin 56 0 56 i	# i [69 ]a
( 16 0,255,0,255,0,0,0,0,0,0 Common 57 10 59 (	# ( [28 ]p
ю 3 0,255,0,255,0,0,0,0,0,0 Cyrillic 125 0 58 ю	# ю [44e ]a
) 16 0,255,0,255,0,0,0,0,0,0 Common 59 10 57 )	# ) [29 ]p
u 3 0,255,0,255,0,0,0,0,0,0 Latin 60 0 60 u	# u [75 ]a
e 3 0,255,0,255,0,0,0,0,0,0 Latin 132 0 61 e	# e [65 ]a
æ 3 0,255,0,255,0,0,0,0,0,0 Latin 62 0 62 æ	# æ [e6 ]a
o 3 0,255,0,255,0,0,0,0,0,0 Latin 63 0 63 o	# o [6f ]a
ɔ 3 0,255,0,255,0,0,0,0,0,0 Latin 64 0 64 ɔ	# ɔ [254 ]a
е̄ 3 0,255,0,255,0,0,0,0,0,0 Cyrillic 140 0 65 е̄	# е̄ [435 304 ]a
э̄ 3 0,255,0,255,0,0,0,0,0,0 Cyrillic 66 0 66 э̄	# э̄ [44d 304 ]a
о̄ 3 0,255,0,255,0,0,0,0,0,0 Cyrillic 67 0 67 о̄	# о̄ [43e 304 ]a
Ч 5 0,255,0,255,0,0,0,0,0,0 Cyrillic 50 0 68 Ч	# Ч [427 ]A
: 16 0,255,0,255,0,0,0,0,0,0 Common 69 6 69 :	# : [3a ]p
Т 5 0,255,0,255,0,0,0,0,0,0 Cyrillic 42 0 70 Т	# Т [422 ]A
k 3 0,255,0,255,0,0,0,0,0,0 Latin 96 0 71 k	# k [6b ]a
m̥ 3 0,255,0,255,0,0,0,0,0,0 Latin 72 0 72 m̥	# m̥ [6d 325 ]a
ъ 3 0,255,0,255,0,0,0,0,0,0 Cyrillic 73 0 73 ъ	# ъ [44a ]a
y̥ 3 0,255,0,255,0,0,0,0,0,0 Latin 74 0 74 y̥	# y̥ [79 325 ]a
p 3 0,255,0,255,0,0,0,0,0,0 Latin 75 0 75 p	# p [70 ]a
В 5 0,255,0,255,0,0,0,0,0,0 Cyrillic 15 0 76 В	# В [412 ]A
h 3 0,255,0,255,0,0,0,0,0,0 Latin 77 0 77 h	# h [68 ]a
ɣ 3 0,255,0,255,0,0,0,0,0,0 Latin 78 0 78 ɣ	# ɣ [263 ]a
ʷ 1 0,255,0,255,0,0,0,0,0,0 Latin 79 0 79 w	# ʷ [2b7 ]x
ў 3 0,255,0,255,0,0,0,0,0,0 Cyrillic 80 0 80 ў	# ў [45e ]a
ə 3 0,255,0,255,0,0,0,0,0,0 Latin 81 0 81 ə	# ə [259 ]a
ƶ̌ 3 0,255,0,255,0,0,0,0,0,0 Latin 82 0 82 ƶ̌	# ƶ̌ [1b6 30c ]a
ŋ 3 0,255,0,255,0,0,0,0,0,0 Latin 83 0 83 ŋ	# ŋ [14b ]a
ӈ 3 0,255,0,255,0,0,0,0,0,0 Cyrillic 84 0 84 ӈ	# ӈ [4c8 ]a
w 3 0,255,0,255,0,0,0,0,0,0 Latin 85 0 85 w	# w [77 ]a
У 5 0,255,0,255,0,0,0,0,0,0 Cyrillic 25 0 86 У	# У [423 ]A
¹ 0 0,255,0,255,0,0,0,0,0,0 Common 87 2 87 1	# ¹ [b9 ]
ӣ 3 0,255,0,255,0,0,0,0,0,0 Cyrillic 88 0 88 ӣ	# ӣ [4e3 ]a
щ 3 0,255,0,255,0,0,0,0,0,0 Cyrillic 89 0 89 щ	# щ [449 ]a
- 16 0,255,0,255,0,0,0,0,0,0 Common 90 3 90 -	# - [2d ]p
* 16 0,255,0,255,0,0,0,0,0,0 Common 91 10 91 *	# * [2a ]p
n 3 0,255,0,255,0,0,0,0,0,0 Latin 115 0 92 n	# n [6e ]a
g 3 0,255,0,255,0,0,0,0,0,0 Latin 93 0 93 g	# g [67 ]a
Н 5 0,255,0,255,0,0,0,0,0,0 Cyrillic 24 0 94 Н	# Н [41d ]A
ц 3 0,255,0,255,0,0,0,0,0,0 Cyrillic 123 0 95 ц	# ц [446 ]a
K 5 0,255,0,255,0,0,0,0,0,0 Latin 71 0 96 K	# K [4b ]A
r 3 0,255,0,255,0,0,0,0,0,0 Latin 129 0 97 r	# r [72 ]a
’ 16 0,255,0,255,0,0,0,0,0,0 Common 98 10 98 '	# ’ [2019 ]p
О 5 0,255,0,255,0,0,0,0,0,0 Cyrillic 13 0 99 О	# О [41e ]A
Л 5 0,255,0,255,0,0,0,0,0,0 Cyrillic 12 0 100 Л	# Л [41b ]A
C 5 0,255,0,255,0,0,0,0,0,0 Latin 121 0 101 C	# C [43 ]A
V 5 0,255,0,255,0,0,0,0,0,0 Latin 110 0 102 V	# V [56 ]A
m 3 0,255,0,255,0,0,0,0,0,0 Latin 103 0 103 m	# m [6d ]a
М 5 0,255,0,255,0,0,0,0,0,0 Cyrillic 30 0 104 М	# М [41c ]A
ӷ 3 0,255,0,255,0,0,0,0,0,0 Cyrillic 105 0 105 ӷ	# ӷ [4f7 ]a
l 3 0,255,0,255,0,0,0,0,0,0 Latin 106 0 106 l	# l [6c ]a
ʀ 3 0,255,0,255,0,0,0,0,0,0 Latin 107 0 107 ʀ	# ʀ [280 ]a
— 16 0,255,0,255,0,0,0,0,0,0 Common 108 10 108 -	# — [2014 ]p
x 3 0,255,0,255,0,0,0,0,0,0 Latin 109 0 109 x	# x [78 ]a
v 3 0,255,0,255,0,0,0,0,0,0 Latin 102 0 110 v	# v [76 ]a
" 16 0,255,0,255,0,0,0,0,0,0 Common 111 10 111 "	# " [22 ]p
К 5 0,255,0,255,0,0,0,0,0,0 Cyrillic 23 0 112 К	# К [41a ]A
; 16 0,255,0,255,0,0,0,0,0,0 Common 113 10 113 ;	# ; [3b ]p
П 5 0,255,0,255,0,0,0,0,0,0 Cyrillic 40 0 114 П	# П [41f ]A
N 5 0,255,0,255,0,0,0,0,0,0 Latin 92 0 115 N	# N [4e ]A
+ 0 0,255,0,255,0,0,0,0,0,0 Common 116 3 116 +	# + [2b ]
~ 0 0,255,0,255,0,0,0,0,0,0 Common 117 10 117 ~	# ~ [7e ]
@ 16 0,255,0,255,0,0,0,0,0,0 Common 118 10 118 @	# @ [40 ]p
И 5 0,255,0,255,0,0,0,0,0,0 Cyrillic 27 0 119 И	# И [418 ]A
J 5 0,255,0,255,0,0,0,0,0,0 Latin 120 0 120 J	# J [4a ]A
c 3 0,255,0,255,0,0,0,0,0,0 Latin 101 0 121 c	# c [63 ]a
b 3 0,255,0,255,0,0,0,0,0,0 Latin 126 0 122 b	# b [62 ]a
Ц 5 0,255,0,255,0,0,0,0,0,0 Cyrillic 95 0 123 Ц	# Ц [426 ]A
А 5 0,255,0,255,0,0,0,0,0,0 Cyrillic 16 0 124 А	# А [410 ]A
Ю 5 0,255,0,255,0,0,0,0,0,0 Cyrillic 58 0 125 Ю	# Ю [42e ]A
B 5 0,255,0,255,0,0,0,0,0,0 Latin 122 0 126 B	# B [42 ]A
d 3 0,255,0,255,0,0,0,0,0,0 Latin 127 0 127 d	# d [64 ]a
t 3 0,255,0,255,0,0,0,0,0,0 Latin 128 0 128 t	# t [74 ]a
R 5 0,255,0,255,0,0,0,0,0,0 Latin 97 0 129 R	# R [52 ]A
Я 5 0,255,0,255,0,0,0,0,0,0 Cyrillic 20 0 130 Я	# Я [42f ]A
Г 5 0,255,0,255,0,0,0,0,0,0 Cyrillic 51 0 131 Г	# Г [413 ]A
E 5 0,255,0,255,0,0,0,0,0,0 Latin 61 0 132 E	# E [45 ]A
Е 5 0,255,0,255,0,0,0,0,0,0 Cyrillic 39 0 133 Е	# Е [415 ]A
« 16 0,255,0,255,0,0,0,0,0,0 Common 134 10 136 «	# « [ab ]p
Б 5 0,255,0,255,0,0,0,0,0,0 Cyrillic 38 0 135 Б	# Б [411 ]A
» 16 0,255,0,255,0,0,0,0,0,0 Common 136 10 134 »	# » [bb ]p
S 5 0,255,0,255,0,0,0,0,0,0 Latin 32 0 137 S	# S [53 ]A
Y 5 0,255,0,255,0,0,0,0,0,0 Latin 34 0 138 Y	# Y [59 ]A
Ш 5 0,255,0,255,0,0,0,0,0,0 Cyrillic 41 0 139 Ш	# Ш [428 ]A
Е̄ 5 0,255,0,255,0,0,0,0,0,0 Cyrillic 65 0 140 Е̄	# Е̄ [415 304 ]A
